XXlll.

En 66666666 66 66116 6666 66 1666166, 61 6616166661 que l’dvdque (16 Sardes
66 66666616 6616666 d'un 61 16666661 6661666, 66661 endroit de s'elonner 61 66 66
61616666, que 66 11666 61666 666616666661 661116666 61 66616 6666 un oubli 661616
(1666661666166666666 avons ragrelle' 1161666666666 666 666666666 scolasliques
qui onl 66166 166166 1661666111666666666116666, 66 616161 (66166166661116 les 16661-
11666 666 1666611666166166116666 (1666 improvisalion 661166 61 incorrecte, 6666 666
166166666166 6166 666666, comme (1666161161166161661166666 dc Mende, (1661 166
66111666 1666666661 166 666616 6611666166616. A 666 66666 66 6 66 611616666 16
66661166 66 6616611666 616611 qui domine 6666166 6161616666 66 XV 616616, 61661
66666116666 166 116666 1666666, 166 6611666661666 61 166 6166616. De 16 encore 16
666616 61 1666666 666 66116166 6611161166116 666 61 16666666, 6116 scandale des
sculptores, 61616 jusques (1666 166 6161166 des collegiales 61 666 6666616666. Mais 16
6666 16161 66 6666611666, 66666 61661 66661166, 6166 1666616 que 16 paganismo
(16 16 66661666666, 66 16116 6666116 du 66616616611666 666166 166116 66666 66 66-
yen alge. La tradition sombra, 6166666 66 66166666 6666 1661, 1611666 examen 161
11666 66616666166, 61 16 661666 666661 6 16 666166. 16616 6666616, depuis 16 (16666
- antique, aloujonrs 66166 166 6666616666666, 6666 6666 166666 6166116666. 11661
6661666 66 6616 16 6666661666 a son 1666 6666116 666 6616666666666 666 1166616166
61 666 6666666666 666 6666616166661666. Ν·661-66 pas 6 16 6666666666 66 gallica-
6166661616166116666666 6666666616 6666 1666611 1166661 61 6666666, quo 166
doit la saiblesso 66166166661166 666166666616, 166 6166666166 1666166 (16 116666-
616 ocuranda, 16 mediocrite 16611616666666116666 6666161 Qui 6666 6666 rendra 66
6666666 11666661, 666116 6166666 66166661 666666 166 666666 6666161666 666 61666
symbolae, 666166 166 116666 iunges de 666 Pares, 61 666666 d'immorlelles 66616666,
6666 666 66666116 gallerie du Votieno, 16616 16 66616 666 formulas 616111661666661

Au risque (1616616666 (16661666, laudator 6616616 6661, 61 66616661666 66 66166
16666, 6666 6666 plaindrons de 16 pluparl (166 liures 66166666 qui 661 666666 16 “
6666611666. Saul la 6666616 6666666616 666 11166666 616 enarras, 66666 66 666
ouvrages 66 6661, que nous sachions‚ du principe 6661661166 16 tradition, 61 n’a pour
661 666661161 (161166166666 6616661 6 166666 6666616661. Loin (16 666666166 666 1-
666166116616666166666166611666, il saul 6’ 66 6666661 1666616116 666 (1666666
166611166661166.11616 66166 66 commun 66166 16 6666611666 66661166 666166666661
616616, 61 166 metaphoras de la thlorique 66166 joun (1666 6661161166 66611666.
ut 61 66 11666 6666 1Ε6611666 661616 6 666 1666661166666616 66611661666,6’661 une
profanation, qui appelle nne 666166161166 16616666. La 6616666116 6666 661661616,
61 6’6 616 66666, 66166 16 parole de 66161 Paul, que pour nous 16166 6666666666
166 666666 1661616166 666 16 666616616 666 choses risibles ⁴). O'esl la plus pure 6611-
611166 66 6666611666661611661,(666166666616661661666116 666 6 6661666166 66616-
61666661 6666 16 666616 biblique, 6166666616 66 saint 11611166, qui n'esl 666 66611

1) 1166 l, 16.

 

