160

Fornax, 79, 42, 43.
Fornicaria, 49, 53·
Fortes, 62, 43 46 45.

114444, 114444, 75, 68 ad 71. ⁸

δ Framea, 81, 15, 16.
Frater 54, 13, 15.

’ Frigus, 16, 65.
Frumentum, 34, 97, 99.
Fulgura, 15, 56.
Fulica, 89, 67.
Fumue, 85, 88 46 91.
Funde, 81, 25.
Fundamentum, 30, 33. - 65, 19.
runa, 84, 74 46 76.
Fur, 63, 73. -97, 113 46 117.
Galea, 81, 32.
Gallina, 88, 52.
Gallus, 88, 50, 51.
Gazophylacium, 78, 24.
Genua, 52, 42, 43.
0151444,74, 38.
(1144144, 16, 63, 64.
1114614480, 446 12.
Gradus, 66, 43, 44.
Grando, 15, 51, 52, 53.
Granum, 34, 98.
(1444444, 8, 29. - 52, 46.
camma
(14114, 41, 10.
11411144, 76, 50.
Hamua, 108, 55, 56.
Herba, 42, 15 46 28.
1146444144, 98, 10.
Herodiue, 87, 32.
Hieme, 21, 65, 66.
Ηί444144, 96, 101. -· 97, 5.
1114444, 71, 48. - 94, 75 46 78.
114614, 19, 30, 31.

1144644,71,45. - 96,97 46 100.

Holocauatum, 70, 38.
Homicida, 63, 71.
Homo, 46, 1 ad 8.

mmmm-Quum

Hordeum, 34, 101.
Horreum, 34, 100.
Hortus, 40, 81 46 84.
1144114, 70, 38.
Humerue, 51, 21.
Hydriae, 110, 89, 90.
Hyeaopne, 42, 31.
151444, 98, 8.

14414, 84, 77 ad 83. - 11111, 49.

4111144. HELITONIS

llex, 45, 34.

Imber, 15, 48.

Impetigo, 74, 42, 43.
1444414, 58, 27, 28.

14444, 83, 53.

14444444, 70, 35,

141444, 48, 30.
146414114472, 10.

Inimicus, 60, 16, 17.

14444, 62, 54.

1444111444, 97, 111.

144414, 107, 39, 40.
1414464411, 19.

14441144, 66, 51.

lm, 9, 37.

Iria, 15, 58.

144444, 53, 54.

impia, 32, 59.

Jecur, 52, 38.

1411114114, 56, 42.

Judex, 61, 23, 24. - 63, 69.
Judioium, 61, 28 46 34.
iumenta, 90, 1 46 4.
144444, 42, 24.

144 carnium, 99, 21.
1444414, 59, 40, 41, 44.
Labie, 10, 9. - 51, 18.
Lac, 93, 55 46 59.

Lacerta, 105, 71.

1414144144, 48, 31. ¹
Lacunae, 37, 211. - 109, 75.
Lacus, 36, 17. - 110, 81, 82.
Lamia, 103, 41, 42.

Lamina, 71, 63.

Lampas, 55, 25. - 79, 31.
Lana, 57, 13, 14.

Languor, 72, 9.

Lapis, 31, 50 ad 58. - 71, 59.
Leaena, 101, 3, 4.

Lectus, 74, 47 46 52.

Leo, 101, 1, 5 ad 11.
Lepre, 73, 13 46 23.

Lepus, 98, 9.

leviathan, 104, 61.
Lignum, 43, 1 46 7. - 44, 13.
Ligu, 83, 63.

Lilinm, 41, 4.

Lingua, 7, 7. - 10, 7. - 51, 16. -· 76, 77.

Linum, 57, 11, 12.
Littue, 107, 36.

Locusta, 89, 71. - 90, 72 ad 74.
Lorica, 81, 30, 31.

 

