 

LUGDUNENSIS ntlscocus 113

1. ’6 quod cum 1, 2, 3, 4. pro maeculioitec, nt 2 1110001111-
1. 7010001101114010000010. nit').
0. 29,1. 4000000010 0110 01101 0110 1, 2, 3, 0. et, 1. 100 dixitne 1, 2, 3, 4.
quoecumque 0111110110 4. 0. 48, v. tenatorum demiurgi 116.
1. 7 confirmat 01 1, 3, 4. v. 3 supereum 116. 11110102 01110 0001-
0.311,1.131110160010101110101,2,3,4. 0011610.
0. 31,1. 3,4,00111 01101160...110111 000011116. 1. 4 immediate 2 10 mediate 1, 3, 4.
1. 6601001600100100116. 1. 8011116010 0111101,00620111110011010
1. 900011110116. 0011.
0321. lumbrae 1000110110 6000111000 116. 0. 49, 1. 40600111111116.
1. 3011011010 116. 1. 5101001111ῑί00ιο 0001106010 010111110-
0. 33,1. 106010110οο01 116. 6100101,4,01011110011011000100
1. 2001001100001116. ante 101 poet hylicum e'n 066. 10-
1. 6111000110. 0011101111.102,30100001100111111
1. 80010000... 000 0011110001 116. 011....101110110110010.
v. 10 dixieee iam ioth 116. p. 50, 1. 1 caementum 1111110010,01111001110111
0.34,1. 1011110111 1,2,3,0111001114. 1, 2, 3, 4.
1. 4,5 timorem 0010111 00001 110101000- 1. 4 01100 spiritantem.
1011101111 001000011111110100· 0. 51, 1. 2,31001111114.- 0601000011011010001-
site omittunt. 100110οὶ0 3, 4.
0. 35, 1. trivinen 1, 2, 4, (1101111001 3. 1. 7011010111 0001001010 1, 3, 4.
0. 36, 1. 1 0010011111 1, 2, 3, 0010010110 4. 1.11 igitur 1100 1, 2, 3, 4.
1. 500001010011011111,2. ’ 1.13 sperationem... animalem 116.
1.111 0011100 om. 1, 2, 3, 4...610010116. 0. 52, 1. 1 10 spiritalem 116.
110011100011101110011111. v. 3001 0111101011 1, 2, 3, 001010 4.
0. 31, 1. 8101001001100101101. v. 50111010 010116.
1.16,110110 011 queo 6111000 1, 2, 3. 1. 8 inclytum 4, e'n 111010. inditum.
p. 38, 1. 1 6011010111 1, 2, 3, 4. 0. 53, 1. 1 11111000 1, 2, 3...110101011014 {ere
1. 3Ρο1110116. ’ constanter. ·
1. 10 101113 (066.1111001),10110014 etpost V· 5 ¹¹⁰⁰ ’1110111104 le 2, 3, 4·
corr. 10110000. 1. 7101011004.
ρ,39,1, lcum ωη,1,2,3,4, 0. 54, 1. 50000000001οω1,2,4.-0111001001.3.
v. 70011 00111116. 1. 810 001111111118111 4·
p. 40, v, 3 in corporalem 2, 3, 4, p. 55, v. 1 10 quibusdam 11160101 160111,2,3,
p, 41, v, 1 virtutem 1, 2, 3, 4, 10 quibusdem materialibus 1110·
1. 3 quaecumque 01101 luminum 116. ‘5¹⁸⁸ 1111911012 3141)Μ 1111· ¹²b⁰
v, ‘mmmm 001, 4, 0116001 corruptela.
p, 42, 7, 1 me om, ,0,1, e. 4 0000 6101101, 11001 001111 4, noca 60·
1. 76101101 601060 0011010 3, 4. mmm·

v. 13, 14 einietrorum id eet hylicorum ,,,,, 1. 10 0100110 160101100 1, 2, 3, 1601011004.
1, 2, 3, 4. 0. 56, 1. 1 quemadmadmom.emnee...-mul-

v. 16 6101101 one. 4. tae 00110 01000 4.
0. 43, 1. 1 quidem imaginem... 001110 00110000 p. 58, 1. 5011160111 mineum 1 e'n transitu 06
1, 2, 3, 4. etmamteeeenpceequidem.0uod
v. 2 110οο0010011,4.110100011110111110102. sequitur 3 0101011160 mineum...
v. 6 physicorum 01 1101010010ιο fere om· quid amineum 41100 0011100011-
nee constanter neque 06 0. 48. 1010 (066. quidem 0101010111, hic
0. 44,1. 1601001000110111, 0001010 1010 1, 2, 0111001).ι
3, 4. 05111. 1001001100οω 1, 2, 3, 4.
0. 45, 1. 3100100010110000116101101116. - 1. 9016000010 comprehendent 1, 3, 01
0000 oen. 1. prehendet· 2, ec 001001011011-

0. 46,1. 3 00101000 0000010104(0111 10000011 dene 4.

 

