161 4411144. MELITONIS. INDEX

Tunnie, 64, 7, 8, 10 46 12. - 65, 33, 34. Veepentiiionee, 88, 48.
14114471, 46. - 89, 61, 62, 63. , Vestigie, 9, 32. - 53, 47, 48.
Tympenum, 55, 49, 56. Vestimenta, 11, 24, 25. - 57, 1 ed 10. -

Ubere, 11, 16. ·- 52, 31. - 93, 54. 71, 54, 55.

Ulmus, 44, 23. 1114, 9, 30, 31. - 65, 21 46 30.
Umbilicue, 52, 35. 1114141, 54, 20.

Umbnn, 18, 24 46 29. Victoria, 85, 41. ·

11441444, 83, 58, 59. Vigilate, 75, 58 46 60, 64.
Unde, 107, 38. ’ 11131114), 9, 39. - 20, 57 46 59.
Undeeim, 25, 41. Viginti, 25, 50.

Unguentum, 38, 53 46 55., Viginti duo, 25, 51.
1141444414, v. Monoeeu. Viginti quatuor, 25, 52.
1141144, 22, 1 ed 4. Viginti quinque, 25, 53.
Urna 69, 16. Viginti 4414, 25, 54.
Urtice, 45, 44. 111114, 66, 45, 46.
Ursus, 102,19. Vinea, 36, 1 46 8.
Uterue, 8, 20. Vinum, 37, 21 4626.
Utres, 39, 57, 58. viole, 41, n.

Une, 36, 11, 12. Vipene, 108, 69.

Uxor, 47, 11, 14. - 49, 50. Vir, 47, 9, 11, 12,14, 17, 18. — 49, 46, 50.
114444, 92, 40 46 45. 111434, 46, 48 46 55.
vellis, 30, 40 46 43. Virgo, 55, 22 46 24.
1144, 70, 26. Vincere, 52, 33. 34.
Vectee, 69, 15. Vitis, 36, 7.

Vellue, 57, 15. . Vitium, 78, 30.
Venator, 103, 37 ed 40. , 111114, 78, 20, 21.
Vendemin, 36, 14. Vitulue, 71, 43. - 92, 36 46 39.
Venter, 11 , 18. - 52, 32. Vini, 75, 61, 63.
ventilabrum, 34, 95. 1141411114, 86, 6.

Ventue, 14, 38, 39, 44, 45. ’ 11414144, 86, 10.
Vepnee, 45, 41. 1141114444, 86, 3, 4, 5.
1144, 20, 61. 11444444, 83, 63.
Verbum, 7, 9. Vulpes, 102, 25 46 27.
Vermie, 103, 47, 48. Vultur, 87, 33, 34.
Vesper, 14, 30. - 18, 13, 14. Ζ144414, 34, 103.

 

 

