118 cuivis S. 1881110818

4144414154, 17, 18.

Amphora, 110, 87.
Amygdaiua, 39, 69.

Ancilla, 60, 9, 10, 11 .
Angelus, 12, 7 48 12.
Animalia, 99, 22 ad 26.
44444144, 58, 34, 35.

Annua, 21, 67 48 70, 72, 73.
Ananim, 69, 8.

8414444414, 64, 5.

antrum, 30, 38.

Aper, 98, 14.

Apis, 89, 69, 70.

Aqua, 105, 106, 1 nd 17.
aquila, 87, 24 ad 29.
Aquilo, 14, 43. - 29, 16,
4144444, 103, 49.

114444, 33, 69. - 83, 65.
Arbor, 40, 73, ⁴74.

Arna, 69, 12. ’

Arcturus, 14, 28.

Areua, 81, 17 48 20.

Area, 33, 93, 94.

Araoia, 40, 85, 88,
Argentum, 77, 8 48 11.
Arida (4. Tarra).

414144, 71, 41. - 82, 48. - 94, 72 48 74.
Arma, 81, 33. - 82, 34, 35.
ammmm-mm'
Aromata, 41, 7.

Arunda, 42, 20, 21.

4 4 ·

Arina, 92, 25.

Asinus, 91, 22 48 27.

Aspia, 104, 64 48 67.

Astra, 13, 25.

Aurinhalcum, 79, 37.
114414,51, 11, 12. - 73, 30.
Aurora, 17, 9.

Aurum, 77, 1 48 6.

Auster, 14, 40, 41. - 29, 17, 18.
4441444444, 21, 64.

Avia, 85, 1. - 86, 2, 7, 8, 9.
Aryma, 35, 116.

8411444, 58, 18, 19.

Barba, 10, 10.

Banna, 68, 5.

Bellum, 82, 36, 37.

81444414, 83, 57.

Bon, 91, 28 48 31.

Bataua, 36, 13.

Brachium, 7, 10,

84441444, 82, 42.

Β4441444, 90, 75.

Bubo, 88, 47.

Butyrum, 94, 64.

Buxua, 44, 21.

844444, 58, 23, 24.

Calamus, 42, 22, 23.

(alrannus, 53, 49, 50.

04144444441444, 12, 31. - 59, 37 ad 39.
Caligo, 14, 37.

04114, 37, 3248 35.

04444144, 91, 19 48 21.

campus, 81, 45, 46.

Candelabrum, 69, 18.

canis, 102, 28 4835. 1
Canticum, 55, 39. - 56, 61.

Capilli, 6, 2. - 10, 4. - 50, 7, 8.
Capra, 96, 94 ad 96.

Capuan, 1.- 10, 1, 3. -50, 1,2, 3. - 69,

a-mm

mmuamum
mmmm-ma-mmmffm

m-mumm

Cartilago, 76, 79.

044444, coagulatum, 93, 60. - 94, 61 48 63.
Cassia, 41, 11.

Castrum, 82, 44, 45.

0414111, 103, 36.

0414444144, 76, 25. .
04144844, 63, 63 48 65.
Catulus, 191, 2, 48.

Gauda, 76, 83.

enutio, 61, 36.

048444, 44, 14 48 17.
(hatum, ate. 27, 70 ad 73.
Cape, 41, 19.

04444144, 105, 68.

04444, 97, 4. - 98, 7.
044444, 97, 1, 2, 3.
Cherubim, 69, 11.
chirographum, 61, 35.
Chiamia, 55, 16.

Chordae, 56, 55.

Chorus, 56, 51, 52.

Cibus, 38, 40.

Cingulum, 12, 30. - 58, 17.
01414, 85, 92, 93.
cinnamomum, 41, 16.
01444144, 69, 14, 24. - 75, 21. - 83, 66.
01414444, 110, 79, 80.
01114444, 56, 44, 45.

 

