lna 4111185. ldlllll'ONlS

Parvuli, 48, 26, 27, 34.
9414414, 76, 85.
94114141, 89, 64, 65, 66.
Pastor, 96, 103 ed 100.
Pater, 54, l, 4, 6, 7, 10.
Pauper, 62, 51 ad 53.
941114441414, 67, 63, 64.
QQQQQ
Paxilli, 69, 21, 22, 23.
Pecunia, 63, 57.

Pecora, 95, 84, 85.
Pedes, 8, 21. - 11, 21. - 52, 44, 45.
Palicanus, 45, 46. - 88, 36.
941111, 59, 44, 45.
944441, 86, 15, 16.
9414, 38, 43.

Perdix, 88, 44.

94114, 31, 47 ad 49.
9111414, 37, 36, 37.
Pictore, 67, 59.
91344414, 40, 87.
911411, 103, 44.

91441, 44, 22.
Piscatores, 108, 46, 47.
Piscis, 108, 50 411 54. .
9111,111,97. ,
91414444, 45, 32.

Platea, 165, 16.
Pleiades, 14, 27.
9144111441, 79, 39.

'pluvie 11411.
94114114, 71, 60.
9444111114, poenitentia, 9, 36.

94114114, 73, 25.

9411411414, 59, 40, 41.

94144, 39, 70, 71.

Pondus, 74, 40.

Populus, 44, 30, 31.

Porcus, 98, 16, 18, 20.

Porcina, 98, 21.

94114, 64, 14 411 17. - 66, 37. - 97,118.
94144, 38, 41.

9141444144, 50, 56, 57.

9141441, 42, 29, 30.

Primitiae, 71, 49.

Primegenilns, 50, 60 ud 62.
Princeps, 62, 37 41139. - 63, 68.
914441414438, 42.
914411141411414,69, 13.
Propugnacnla, 64, 9.

Proximi, 55, 21.

914141, 16, 60 ad 62.

94411414, 56, 40.
9411141144 56, 43, 46.
9441, 48, 35 ad 37. - 49, 45.
94111 87, 22, 23, 27.
94111111, 59, 46.

Pulvis, 19, 19.

Purpura, 58, 20.

941444, 110, 83 ad 86.
044114841426, 57 ad 00.
Quadraginta duo, 26, 61.
0411441, 23, 15 ad 18.
0441441144114,25, 45, 46.
Quamne, 44, 24, 27.
041441144, 23, 19, 20.
Quindecim, 25, 47.
Quinquaginta, 26, 62, 63.
Radix, 40, 78, 79.

Remus, 40, 75, 76.

11444, 104, 50, 51.
1141144414, 71, 58.
1144411411, 1144411464, 9, 35.
Regina, 60, 4.

Regulus, 104, 63.

1111441, 52, 39.

1141144, 74, 46.

114114, 103, 49. ,
Rex, 59, 1, 2. - 60, 3, 7. - 63, 67.
1111414441, 45, 43.
Rhinoceros, 101, 12, 13. ·
1114441144, 81, 13.

111444, 55, 35, 36.

111141, 109. 66.

1144, 16, 59.

11444, 41, 5.

Rota 110, 91 ad 93.
Rubigo, 90, 75.

- 1141141, 45, 47.

Ruinosa, 67, 67.

Rupes, 30, 36.

84444141, 63, 58, 59.

Sacerdos, 71, 51 ed 53.
Sacrificium, 70, 36.

Saga, 32, 64, 65. - 69, 9.
Sagena, 108, 48.

Sagitta, 15, 57. - 81, 21 ad 24.
Salices, 44, 28, 29.

Salsugo, 32, 66, 67.

Saliare, 55, 37, 38.

841141, 43, 11, 12.

Sancte 8444141441, 69, 10, - 72, 64.
Sanguis, 73, 27. - 99, 27 ad 30.
Sanguieugs, 105, 72.

 

